
10
1F
11
11
17
10
08
00

10
1F
10
10
10
10
0F
00

03
0C
10
10
10
1C
00
00

00
00
03
1C
07
00
00
00

00
40
42
46
4A
52
62
4242
42
4A
46
43
40
00
00

20
20
20
20
F8
20
24
2221
20
F8
20
20
20
20
00

24
24
25
7F
C5
44
00
4433
00
00
FF
00
00
00
00

08
08
08
FF
08
09
10
1111
11
FF
11
11
11
10
00

04
FC
04
00
C0
00
00
0004
FC
84
80
80
80
00
00E0
18
04
04
44
78
40
0004
3C
C4
40
40
E4
1C
0402
02
22
22
22
22
22
FE22
22
22
22
22
02
02
0008
10
60
00
00
FC
02
0202
02
02
0E
80
40
30
0010
60
80
FF
00
80
20
2020
20
20
FF
40
40
40
0020
22
41
FE
80
01
01
02C2
34
08
14
62
81
01
00