08
F8
88
88
E8
08
10
00
20
3F
20
00
03
00
00
00
08
F8
08
08
08
08
F0
00
20
3F
21
01
01
01
00
00
C0
30
08
08
08
38
00
00
07
18
20
20
22
1E
02
00
00
00
C0
38
E0
00
00
00
20
3C
23
02
02
27
38
20
00
02
42
62
52
4A
46
42
42
42
52
62
C2
02
00
00
40
40
44
44
44
44
44
7F
44
44
44
44
44
40
40
00
04
04
04
04
1F
04
24
44
84
04
1F
04
04
04
04
00
10
08
06
00
00
3F
40
40
40
40
40
70
01
02
0C
00
24
24
A4
FE
A3
22
00
22
CC
00
00
FF
00
00
00
00
08
06
01
FF
00
01
04
04
04
04
04
FF
02
02
02
00
10
10
10
FF
10
90
08
88
88
88
FF
88
88
88
08
00
04
44
82
7F
01
80
80
40
43
2C
10
28
46
81
80
00


