08
F8
88
88
E8
08
10
00
08
F8
08
08
08
08
F0
00
C0
30
08
08
08
38
00
00
00
00
C0
38
E0
00
00
00
00
02
42
62
52
4A
46
42
42
42
52
62
C2
02
00
00
04
04
04
04
1F
04
24
44
84
04
1F
04
04
04
04
00
24
24
A4
FE
A3
22
00
22
CC
00
00
FF
00
00
00
00
10
10
10
FF
10
90
08
88
88
88
FF
88
88
88
08
00
00
00
00
E0
18
04
02
00
02
02
E2
22
22
FE
22
22
22
FE
22
22
E2
02
02
00
80
90
8C
84
84
84
F5
86
84
84
84
84
94
8C
80
00
00
02
04
18
E0
00
00
00
20
3F
20
00
03
00
00
00
20
3F
21
01
01
01
00
00
07
18
20
20
22
1E
02
00
20
3C
23
02
02
27
38
20
40
40
44
44
44
44
44
7F
44
44
44
44
44
40
40
00
10
08
06
00
00
3F
40
40
40
40
40
70
01
02
0C
00
08
06
01
FF
00
01
04
04
04
04
04
FF
02
02
02
00
04
44
82
7F
01
80
80
40
43
2C
10
28
46
81
80
00
00
00
00
07
18
20
40
00
00
00
FF
48
44
43
40
40
40
43
44
44
FF
00
00
00
00
80
80
84
46
49
28
10
10
2C
23
40
80
00
00
00
00
40
20
18
07
00
00
00
